$ANSIBLE_VAULT;1.1;AES256
32633638306263393961663733383739323131616634373636393239376232643637383330653735
3566393739386133306537313939343531336631393863340a636136363039336237656131656161
62303233353037653733343363623837343864623835356533313162623533366263313936323536
3036393230393761390a393165353266303562306330393261333066653233323633373033613238
63353739633530333130313262663537623963346137346231646565323838656164366537653236
63643364353139316634666634356332353236316231313334666637346562313439306363636533
66393535646334633766323330363261353936366638353035653437663865623864316139353462
38666161396430303863323564626130306235333362663562316333386537613964656666666663
37333562616131613664363134353362373865353962303361373865306539326234313934383639
61303234663032613139626432353038343335636433353432653737373833653739666535386239
33643038653537313533373965353364343935396461373835363061363962393964393166313833
66626266353761656665303834363336373364333535616234623233363437663463336166616436
61363765663331613464636265316632343439663832366239353537353335653762343165313365
37336364363330353737613738353961653837626539623866323165313435363065303830613237
37666462303566613462383739363462626431333761653439363461646464626466623134363861
38666365623765326638386635613133316436326437323530623465623732396565396139353237
64613961383963393135653032643437303735363438333731336565616530336662653039646130
65373333396633383665353835356161303834633232613461316531303738643362323337353239
62343536323439383164633234373136323236346535306263393939353336623163393435616531
63646163363039306163333131366363653631653261373764303534633862313830613361373039
35383265353965316236313034386664316665336137633462396639336464663533
